-------------------  -------  -------  -------  -------  --------  -------------  -----------  ----  --------  ----------------  -
2022-09-01 00:00:00  20280.5  20287.5  20222    20227.9  396.833   1661983259999  8.03332e+06  5311  219.255        4.43776e+06  0
2022-09-01 00:01:00  20227.9  20250.3  20226.4  20246.5  196.158   1661983319999  3.9696e+06   2657  171.45         3.46946e+06  0
2022-09-01 00:02:00  20246.8  20255    20239.4  20244.9   58.2421  1661983379999  1.17921e+06  1858   21.5498  436333            0
2022-09-01 00:03:00  20244.5  20276.8  20244.4  20275     96.1104  1661983439999  1.94715e+06  2485   63.5616       1.28781e+06  0
2022-09-01 00:04:00  20274.8  20292.4  20254    20292.4  233.951   1661983499999  4.74323e+06  4833  135.134        2.73996e+06  0
2022-09-01 00:05:00  20292.4  20292.8  20250.7  20261.5  197.731   1661983559999  4.0084e+06   4160   86.117        1.74576e+06  0
2022-09-01 00:06:00  20260.4  20288.5  20257.1  20281.2  263.729   1661983619999  5.34598e+06  4681  145.347        2.94655e+06  0
2022-09-01 00:07:00  20281.2  20282    20249.3  20250.8  170.072   1661983679999  3.44657e+06  3399   76.2169       1.54461e+06  0
2022-09-01 00:08:00  20250.8  20268.5  20243.5  20245.7  175.85    1661983739999  3.56178e+06  3338   85.0523       1.72278e+06  0
2022-09-01 00:09:00  20246.7  20254    20242.4  20246.9  112.313   1661983799999  2.27416e+06  2627   56.6373       1.14685e+06  0
2022-09-01 00:10:00  20246.9  20253.4  20215    20220.4  185.372   1661983859999  3.75088e+06  3615   69.2575       1.4014e+06   0
2022-09-01 00:11:00  20220.4  20222.4  20191.2  20191.2  170.438   1661983919999  3.44344e+06  3496   63.2636       1.27805e+06  0
2022-09-01 00:12:00  20193    20199    20187.2  20190.3  115.649   1661983979999  2.33532e+06  2490   53.7576       1.08559e+06  0
2022-09-01 00:13:00  20190.3  20190.5  20135.9  20142.4  262.273   1661984039999  5.28832e+06  6267   96.5332       1.94656e+06  0
2022-09-01 00:14:00  20142.4  20163.2  20139.8  20154.3  227.485   1661984099999  4.58446e+06  5155  115.135        2.32038e+06  0
2022-09-01 00:15:00  20155.4  20172.6  20133.5  20136.2  248.453   1661984159999  5.00662e+06  6171  123.315        2.48511e+06  0
2022-09-01 00:16:00  20134.5  20148.7  20095.8  20148.6  398.855   1661984219999  8.02709e+06  9139  198.173        3.98883e+06  0
2022-09-01 00:17:00  20148.6  20165.7  20133.4  20136.5  255.844   1661984279999  5.15449e+06  6076  122.383        2.4658e+06   0
2022-09-01 00:18:00  20136.7  20148.1  20096    20122    332.87    1661984339999  6.69743e+06  6712  143.691        2.89134e+06  0
2022-09-01 00:19:00  20122.9  20144.6  20120.6  20125.1  196.62    1661984399999  3.95794e+06  4473   98.8553       1.99001e+06  0
2022-09-01 00:20:00  20126.8  20142.8  20122.1  20136.7  162.317   1661984459999  3.26824e+06  3290   94.529        1.9034e+06   0
2022-09-01 00:21:00  20136.7  20160.4  20134.5  20144.4  187.692   1661984519999  3.78195e+06  4126   98.4795       1.98436e+06  0
2022-09-01 00:22:00  20143.9  20159.5  20134.6  20147.4  169.563   1661984579999  3.41578e+06  3149   82.0992       1.65391e+06  0
2022-09-01 00:23:00  20147.4  20156.3  20134.8  20137.4  165.746   1661984639999  3.33932e+06  3084   76.1595       1.53448e+06  0
2022-09-01 00:24:00  20138.9  20156.6  20136.3  20140.4  169.907   1661984699999  3.42296e+06  3727   89.5531       1.80422e+06  0
2022-09-01 00:25:00  20140.4  20149.7  20105.8  20114.6  237.183   1661984759999  4.77338e+06  4670  104.766        2.1086e+06   0
2022-09-01 00:26:00  20113.5  20128.7  20107.4  20113.2  194.143   1661984819999  3.90568e+06  4593   90.4563       1.81979e+06  0
2022-09-01 00:27:00  20113.2  20131.2  20110    20129    161.445   1661984879999  3.24801e+06  3093   89.3343       1.79732e+06  0
2022-09-01 00:28:00  20128.9  20136.8  20117.3  20129.5  118.993   1661984939999  2.39496e+06  2682   61.5329       1.23851e+06  0
2022-09-01 00:29:00  20128.3  20132.7  20113.9  20115.6   95.9169  1661984999999  1.93038e+06  2358   36.9806  744288            0
2022-09-01 00:30:00  20114.6  20126.2  20097.9  20107    236.926   1661985059999  4.76445e+06  4690   98.3767       1.97839e+06  0
2022-09-01 00:31:00  20107    20119.2  20085.7  20096.5  225.26    1661985119999  4.5282e+06   5148  107.948        2.17014e+06  0
2022-09-01 00:32:00  20096.5  20110    20093.4  20103.9  153.272   1661985179999  3.08108e+06  3467   78.7328       1.58273e+06  0
2022-09-01 00:33:00  20102.1  20131.2  20100.7  20115.4  154.054   1661985239999  3.09903e+06  3629   80.9462       1.62835e+06  0
2022-09-01 00:34:00  20114.2  20117.9  20105.2  20113.6  116.853   1661985299999  2.35007e+06  2524   54.3615       1.09332e+06  0
2022-09-01 00:35:00  20112.8  20124.7  20101.7  20114.9  184.876   1661985359999  3.71863e+06  4000  101.745        2.04653e+06  0
2022-09-01 00:36:00  20116.5  20126.4  20114    20123.7  114.303   1661985419999  2.29981e+06  2671   70.3379       1.41524e+06  0
2022-09-01 00:37:00  20123.9  20125    20099    20106.1  158.159   1661985479999  3.18004e+06  2923   66.3226       1.33353e+06  0
2022-09-01 00:38:00  20106.1  20106.1  20088.6  20097.2  110.882   1661985539999  2.22836e+06  2987   53.8739       1.08269e+06  0
2022-09-01 00:39:00  20095.7  20106    20093.5  20095.7  102.968   1661985599999  2.06965e+06  2284   51.5378       1.03595e+06  0
2022-09-01 00:40:00  20094.3  20107.6  20092    20098.8  142.781   1661985659999  2.87e+06     3003   86.4499       1.73778e+06  0
2022-09-01 00:41:00  20100.2  20116.7  20094.9  20110.5  139.907   1661985719999  2.81326e+06  3063   83.1687       1.67239e+06  0
2022-09-01 00:42:00  20110.5  20113.1  20098.6  20100     81.5508  1661985779999  1.6396e+06   2106   34.7406  698507            0
2022-09-01 00:43:00  20100    20104.1  20087.9  20091.1   99.206   1661985839999  1.9937e+06   2325   42.1089  846305            0
2022-09-01 00:44:00  20090    20118.6  20086.4  20115.2  150.413   1661985899999  3.0237e+06   3911   87.1067       1.7511e+06   0
2022-09-01 00:45:00  20115.9  20136.6  20106.2  20134.2  167.128   1661985959999  3.36245e+06  3926  103.349        2.07932e+06  0
2022-09-01 00:46:00  20134.2  20168    20127.7  20163.6  313.638   1661986019999  6.31984e+06  6334  205.086        4.13246e+06  0
2022-09-01 00:47:00  20161.3  20166.2  20142.8  20153.7  165.678   1661986079999  3.33913e+06  4006   87.6682       1.76695e+06  0
2022-09-01 00:48:00  20153.7  20165.4  20148.2  20150.2  135.32    1661986139999  2.72762e+06  3052   73.4473       1.4805e+06   0
2022-09-01 00:49:00  20150.2  20153.6  20140.5  20149.7   97.4767  1661986199999  1.96379e+06  2171   49.2503  992237            0
2022-09-01 00:50:00  20150.8  20165.2  20144.8  20160.1   81.6302  1661986259999  1.64536e+06  2264   40.1603  809501            0
2022-09-01 00:51:00  20160.1  20162.1  20141.9  20154.4  135.32    1661986319999  2.72715e+06  2918   68.9591       1.38979e+06  0
2022-09-01 00:52:00  20154.4  20155.7  20143.7  20154.1   69.7391  1661986379999  1.40524e+06  1834   33.5307  675659            0
2022-09-01 00:53:00  20154.6  20162.8  20151.2  20159    100.588   1661986439999  2.02761e+06  2183   54.423        1.09708e+06  0
2022-09-01 00:54:00  20159    20170.5  20154.2  20165.8  140.671   1661986499999  2.83646e+06  3013   80.4847       1.62294e+06  0
2022-09-01 00:55:00  20165    20167.2  20145.4  20148.7   85.5247  1661986559999  1.72363e+06  2074   31.695   638813            0
2022-09-01 00:56:00  20149.8  20164    20148.4  20157.3   70.7159  1661986619999  1.42533e+06  1847   35.7769  721114            0
2022-09-01 00:57:00  20156.7  20157.4  20144.3  20146.5   77.2469  1661986679999  1.55647e+06  2128   31.9071  642913            0
2022-09-01 00:58:00  20144.8  20155.9  20144.7  20146.9   66.3299  1661986739999  1.3366e+06   1854   35.1008  707326            0
2022-09-01 00:59:00  20148.1  20158.2  20138.8  20155     90.4703  1661986799999  1.82282e+06  2162   46.7273  941520            0
2022-09-01 01:00:00  20155    20157.5  20138.5  20139.9  101.128   1661986859999  2.03733e+06  2469   41.2084  830237            0
2022-09-01 01:01:00  20139.9  20144.2  20124    20133.9  150.259   1661986919999  3.02518e+06  3162   72.0149       1.44995e+06  0
2022-09-01 01:02:00  20133.9  20139.1  20110.5  20113.4  107.408   1661986979999  2.16178e+06  3054   37.2986  750788            0
2022-09-01 01:03:00  20113.4  20119.2  20101.4  20117.1  138.747   1661987039999  2.79021e+06  3685   54.0762       1.08752e+06  0
2022-09-01 01:04:00  20119.2  20125.9  20113.5  20116.5   78.68    1661987099999  1.58303e+06  2282   37.7117  758772            0
2022-09-01 01:05:00  20116.5  20123.9  20106.9  20109.3   90.1055  1661987159999  1.81247e+06  2280   41.9062  843005            0
2022-09-01 01:06:00  20109.3  20111.9  20073.4  20074.2  232.537   1661987219999  4.6714e+06   5329   81.9262       1.6458e+06   0
2022-09-01 01:07:00  20074.2  20087.4  20073.2  20079.7  143.859   1661987279999  2.88873e+06  3552   72.3943       1.45372e+06  0
2022-09-01 01:08:00  20079    20083.7  20060.5  20069.3  171.62    1661987339999  3.44467e+06  3792   92.7566       1.86179e+06  0
2022-09-01 01:09:00  20069.4  20077.6  20055.5  20057.2   91.1128  1661987399999  1.82859e+06  2639   47.6881  957096            0
2022-09-01 01:10:00  20057.2  20080    20052    20078.4  140.833   1661987459999  2.82587e+06  4121   89.0627       1.7871e+06   0
2022-09-01 01:11:00  20078.4  20083    20070.7  20078.9  111.959   1661987519999  2.2479e+06   2495   61.1427       1.22769e+06  0
2022-09-01 01:12:00  20078.2  20079.4  20065.1  20070.9  116.92    1661987579999  2.34692e+06  2258   56.4961       1.13404e+06  0
2022-09-01 01:13:00  20070.9  20070.9  20038.1  20046.5  176.752   1661987639999  3.54385e+06  4628   69.9243       1.40204e+06  0
2022-09-01 01:14:00  20046.5  20051.3  20043.5  20049    130.256   1661987699999  2.61144e+06  3715   74.1728       1.48711e+06  0
-------------------  -------  -------  -------  -------  --------  -------------  -----------  ----  --------  ----------------  -